100 61 100 100 100 20 -68 39 -28 7 100 38 100 100 100 12 
-3 100 27 100 100 -69 100 100 -95 -15 10 100 97 22 18 100 
5 100 -30 100 100 -35 100 40 93 -45 83 100 81 100 -12 10 
39 -43 69 -31 -31 100 -8 100 40 100 87 100 100 10 22 -88 
100 100 -20 2 61 -28 100 75 100 -84 3 100 100 100 100 -79 
38 90 -16 12 100 100 87 100 12 36 100 100 100 -74 100 100 
100 92 100 100 73 38 100 100 73 -90 100 100 97 -31 100 100 
11 100 100 35 -20 -53 83 -30 81 76 100 -89 -47 -67 86 42 
100 56 100 20 -4 -89 76 100 100 100 -7 100 100 100 100 100 
94 -11 47 40 56 100 -9 100 100 40 100 -92 -96 -31 -62 100 
5 -16 100 100 52 -6 96 74 100 4 -21 63 -5 73 100 100 
-8 6 53 12 -81 100 100 -5 -66 100 100 51 -100 88 -92 -60 
100 100 100 100 51 95 77 100 100 100 -53 100 89 -21 48 38 
-31 99 40 100 -6 100 -60 36 52 67 100 100 100 48 -56 100 
100 -8 -20 65 66 -86 100 100 92 -58 2 100 -6 11 100 34 
-31 -55 73 -56 100 100 75 -52 4 -25 -30 100 19 54 100 100 
